0 0.480298828125 0.78447265625 0.022339843750000022 0.022640625000000015
0 0.586408203125 0.7413046875 0.021433593750000045 0.02022656250000008
0 0.6022578125 0.715041015625 0.021132812499999966 0.028074218750000046
0 0.6408984375 0.720173828125 0.021132812499999966 0.02384765625000007
0 0.6550878906250001 0.69209765625 0.022339843749999932 0.02385156249999998
0 0.694181640625 0.6984375 0.02143359374999996 0.020828125000000065
0 0.8093476562500002 0.60319921875 0.030789062500000065 0.022351562500000012
0 0.70851953125 0.67277734375 0.022945312500000002 0.026265625000000004
0 0.7346328124999999 0.654966796875 0.02203906249999994 0.028074218750000046
0 0.762103515625 0.6510410156249999 0.02264453125000001 0.02566015625000002
0 0.892998046875 0.5489453125000001 0.02428515625000003 0.02218749999999998
0 0.8825156249999999 0.5209941406249999 0.02323437500000001 0.021488281249999998
0 0.7861699218749999 0.5478984375 0.02655078125000001 0.021140625000000045
0 0.7755996093749999 0.5208203124999999 0.025332031250000053 0.021835937500000034
0 0.314859375 0.663681640625 0.03546875000000003 0.03949609374999996
0 0.41686914062499997 0.6385234375 0.016605468749999998 0.025406250000000075
0 0.57415625 0.5737363281250001 0.021835937499999947 0.027253906249999994
0 0.26172265625 0.52693359375 0.022710937499999993 0.026554687500000007
0 0.296052734375 0.49164453125000007 0.02568359375 0.021664062499999925
0 0.362177734375 0.46559765625000005 0.026667968749999993 0.022890624999999963
0 0.44858984374999994 0.43100781250000003 0.028929687500000068 0.022640624999999925
0 0.5017968749999999 0.410505859375 0.023648437499999987 0.021886718750000034
0 0.5761347656250001 0.380064453125 0.02440234375000001 0.022386718750000024
0 0.64166796875 0.353146484375 0.02616406250000001 0.022386718750000024
0 0.746548828125 0.293919921875 0.020964843750000028 0.02673046874999998
0 0.665837890625 0.20082421875 0.02777734374999996 0.023406250000000028
