0 0.940787109375 0.3193671875 0.06279296875 0.07758593750000001
0 0.6337753906250001 0.443892578125 0.035019531249999944 0.03562109375000002
0 0.5426074218749999 0.46457226562500004 0.05916796875000001 0.060074218749999984
0 0.39076171875 0.522833984375 0.06520312499999999 0.06912890625000001
0 0.29416015624999997 0.56464453125 0.08029687500000002 0.07546874999999993
0 0.2123515625 0.5961894531249999 0.06460156249999997 0.07516796875000002
0 0.05597656250000001 0.6390703125 0.03622656249999999 0.04314062500000002
0 0.129333984375 0.62351171875 0.06762109375 0.08150781250000003
0 0.36906249999999996 0.927443359375 0.07860937500000005 0.08041796874999996
0 0.146275390625 0.817498046875 0.035863281250000004 0.04528515625000011
0 0.2001953125 0.7954082031249999 0.03284374999999999 0.045425781249999984
0 0.24631640624999998 0.77357421875 0.03284375000000002 0.04437500000000005
0 0.332076171875 0.750419921875 0.06158203125000004 0.06580859375
0 0.40558984374999996 0.717818359375 0.058273437500000025 0.06399609374999997
0 0.4938828125 0.687328125 0.032601562500000014 0.038640625000000026
0 0.9853125 0.69951171875 0.02937499999999993 0.04021093750000002
0 0.9566777343749999 0.505341796875 0.03369140625 0.04166015625000004
0 0.9119375 0.5310625 0.039124999999999945 0.04600781249999999
0 0.852888671875 0.545734375 0.04781640624999994 0.058687500000000004
0 0.65201953125 0.6156484375 0.035140625000000016 0.039125000000000035
0 0.6944042968749999 0.585400390625 0.03658984375000003 0.04745703124999991
0 0.755806640625 0.582865234375 0.046371093750000016 0.06049609374999996
0 0.689513671875 0.7098359375000001 0.025355468749999943 0.03695312499999996
0 0.7349765625 0.683390625 0.03441406249999997 0.039124999999999945
0 0.792212890625 0.6629238281250001 0.03658984375000003 0.043832031250000014
0 0.943455078125 0.6058749999999999 0.02608203124999999 0.041281250000000026
0 0.886037109375 0.62506640625 0.03369140625 0.036226562500000004
0 0.8425742187499999 0.6549511718750001 0.030085937499999993 0.04021484375000002
