0 0.25756640625 0.163771484375 0.028781250000000026 0.03876171875000001
0 0.31340625 0.182578125 0.049124999999999995 0.05257812500000001
0 0.6154531249999999 0.04634375 0.05152343750000003 0.044640625
0 0.5535488281250001 0.183234375 0.032621093749999996 0.0351796875
0 0.74522265625 0.044298828125 0.03517968749999998 0.043441406249999995
0 0.721736328125 0.269384765625 0.051488281249999976 0.05787109375000003
0 0.637083984375 0.3969921875 0.06025390625 0.05334374999999998
0 0.6942656250000001 0.45379101562499996 0.05027343750000002 0.042597656249999984
0 0.231048828125 0.5791328124999999 0.05526171875000001 0.05065625000000003
0 0.34030859375 0.43007421875 0.049507812499999956 0.04835937500000007
0 0.370052734375 0.49032617187500005 0.054496093749999995 0.050660156249999935
0 0.38712890625 0.563435546875 0.061789062500000026 0.05794921874999996
0 0.39864257812500004 0.640767578125 0.06792578125 0.06140234375000002
0 0.628736328125 0.610701171875 0.06151953125 0.05730078125000002
0 0.809888671875 0.7507109375000001 0.05158203125000007 0.05618749999999997
0 0.633736328125 0.7546250000000001 0.038222656249999966 0.03177343749999997
0 0.6779472656250001 0.8757441406250001 0.033621093749999977 0.032699218750000016
0 0.269455078125 0.9045273437500001 0.03822265625000001 0.03407812500000009
0 0.424654296875 0.891404296875 0.06677734374999997 0.05756640624999996
0 0.4347851562500001 0.9611640625 0.05203906250000001 0.054359374999999946
