0 0.13187500000000002 0.04736328125 0.028249999999999997 0.026914062499999995
0 0.17316210937499998 0.0704375 0.02398828125000001 0.026226562499999995
0 0.205623046875 0.07843359375 0.02366796875000001 0.0268671875
0 0.23392578125000002 0.08834765625 0.024624999999999987 0.028140624999999996
0 0.14466796875000001 0.24371289062499998 0.024304687499999988 0.02974609374999999
0 0.19940820312500002 0.245060546875 0.02425390624999999 0.02905078125
0 0.16702734375 0.37098828125 0.025054687500000016 0.028781250000000026
0 0.07024609375 0.5776347656249999 0.0234140625 0.02916796874999994
0 0.18250000000000002 0.5264023437500001 0.023796875000000006 0.027249999999999996
0 0.22106835937499997 0.510283203125 0.02033984375000002 0.026480468749999986
0 0.098455078125 0.694880859375 0.03914453124999999 0.041832031250000054
0 0.1445078125 0.66955078125 0.023796874999999985 0.02494531250000005
0 0.19113671875 0.656884765625 0.024945312500000004 0.029550781250000036
0 0.23776367187499997 0.6369296875 0.026097656250000024 0.03339062500000001
0 0.009343750000000001 0.845962890625 0.018687500000000003 0.022652343749999915
0 0.13501953125 0.8198457031250002 0.019453125000000005 0.027449218749999994
0 0.0965078125 0.8258398437499999 0.023984374999999992 0.028250000000000063
0 0.06945703125 0.8377011718750002 0.02265625 0.02531640624999998
0 0.037154296875000006 0.8517207031249999 0.024785156250000002 0.027449218749999994
0 0.12776953125 0.90422265625 0.013593750000000005 0.020523437499999984
0 0.14842578125 0.89529296875 0.01439062499999999 0.01865624999999991
0 0.181205078125 0.9613886718749999 0.020785156250000013 0.024519531249999994
0 0.21052148437499998 0.9756484375 0.01598828124999998 0.02158593749999991
0 0.20604687500000002 0.8689296875 0.013726562499999973 0.01958593750000013
0 0.22541796874999998 0.860384765625 0.013109375000000024 0.01943359375
0 0.9047285156249998 0.033771484375 0.02372265625000001 0.027449218750000004
0 0.93324609375 0.040966796875 0.024249999999999973 0.027980468749999998
0 0.96136328125 0.048189453125000004 0.023453124999999984 0.027714843750000002
0 0.8544921875 0.126943359375 0.023984374999999857 0.02905078125
0 0.8942011718749999 0.140001953125 0.02398828125000012 0.02691796875000001
0 0.9349765624999999 0.147998046875 0.023453124999999984 0.02958203125000001
0 0.913826171875 0.256849609375 0.024246093749999885 0.02737109375000002
0 0.74946484375 0.362357421875 0.02176562500000001 0.028207031250000014
0 0.77866796875 0.37723828125000003 0.02287500000000007 0.026874999999999982
0 0.7068183593749999 0.487447265625 0.021285156250000003 0.02646484375
0 0.6864550781250001 0.6447207031250001 0.024519531249999994 0.021324218749999967
0 0.7072441406250001 0.686296875 0.03891015624999996 0.03731249999999999
0 0.8027871093750001 0.8093964843750001 0.031980468750000046 0.024519531249999994
0 0.593310546875 0.7201171875 0.02238671874999998 0.03091406249999995
0 0.61846875 0.7680644531249999 0.024179687500000036 0.023410156250000026
0 0.65205078125 0.8041406249999999 0.03991406249999994 0.03953124999999993
0 0.6877421874999999 0.8484667968749999 0.03991406250000003 0.036839843749999976
0 0.506982421875 0.895287109375 0.024558593749999958 0.022261718749999916
0 0.5313613281249999 0.929826171875 0.030300781249999974 0.024558593749999958
0 0.70328515625 0.9267558593749999 0.04029687500000003 0.04605078124999995
0 0.55879296875 0.9601445312500001 0.026867187500000077 0.021492187499999992
0 0.582779296875 0.990818359375 0.02264453125000001 0.018363281250000085
