0 0.30633203125 0.8360390625 0.026546875000000015 0.03837500000000009
0 0.4195449218749999 0.85634765625 0.03805859375000002 0.039976562500000055
0 0.47966992187499996 0.855388671875 0.051488281249999976 0.057246093750000074
0 0.5373964843750001 0.8865683593749999 0.037738281249999964 0.03773828125000005
0 0.89774609375 0.8728007812499999 0.0362421874999999 0.04317187499999999
0 0.804068359375 0.8653378906250001 0.03811328124999989 0.04157421874999993
0 0.71873046875 0.737599609375 0.036140624999999996 0.03613671875
0 0.8124375 0.7456601562499999 0.029421874999999976 0.031343750000000004
0 0.9022343750000001 0.61408984375 0.06300000000000008 0.0712890625
0 0.370626953125 0.707849609375 0.06332421874999997 0.06677734375000002
0 0.48691015625 0.7170624999999999 0.065625 0.06293750000000005
0 0.54869921875 0.696146484375 0.04106250000000004 0.03645703124999997
0 0.5815117187500001 0.640306640625 0.05833593749999997 0.05756640624999996
0 0.5039882812500001 0.577171875 0.059867187499999995 0.06332812499999996
0 0.685931640625 0.44527343750000004 0.03798046875000001 0.04375
0 0.84929296875 0.26987500000000003 0.07755468749999998 0.070359375
0 0.24435742187500004 0.49944531249999996 0.05941015625000001 0.05203906250000001
0 0.41728515625 0.55263671875 0.04513281249999999 0.03592187500000001
0 0.283501953125 0.43704296875 0.061253906249999976 0.058945312499999944
0 0.4403125 0.495759765625 0.06447656249999997 0.059410156250000054
0 0.49120117187499995 0.43335937500000005 0.06954296874999999 0.06171093750000001
0 0.315509765625 0.36704296875 0.05710546874999998 0.055265625000000006
0 0.347287109375 0.29496875 0.06631640625000004 0.05388281250000002
0 0.6261386718749999 0.214837890625 0.05756640624999996 0.05941015624999999
0 0.44192578125 0.16210546875 0.06217187500000003 0.053421874999999994
0 0.386892578125 0.230955078125 0.06631640624999999 0.05664453125
0 0.26415234375 0.21506640624999998 0.0750546875 0.06907812500000002
0 0.03751171875 0.172830078125 0.0683125 0.06792578125
0 0.124244140625 0.168416015625 0.06677734375000001 0.07522265624999998
0 0.34337890625 0.060382812499999994 0.06907812500000002 0.064859375
