0 0.917919921875 0.16473437500000002 0.05276953125000006 0.05196875000000001
0 0.412189453125 0.122677734375 0.05943359374999999 0.05063671875
0 0.35595703125 0.15839257812500002 0.021054687500000037 0.018121093749999994
0 0.13994921875 0.19370507812499999 0.027187499999999986 0.034910156250000025
0 0.24108984375000003 0.22411328125000002 0.047703125 0.056499999999999974
0 0.28053320312499996 0.232109375 0.019457031250000024 0.0255859375
0 0.30598632812500004 0.2486328125 0.024519531249999994 0.018125000000000037
0 0.19818359375 0.23650585937499996 0.032781249999999984 0.04504296875000002
0 0.45269921875 0.271552734375 0.020523437499999984 0.023988281249999986
0 0.40592773437500007 0.29194140625 0.04744140625000002 0.04983593749999997
0 0.349693359375 0.26795507812499997 0.031449218749999994 0.04291015625000001
0 0.49692578125000003 0.298439453125 0.023882812500000038 0.018519531250000033
0 0.49090820312499994 0.32232031250000004 0.02591015625000006 0.020359375000000002
0 0.47721093749999993 0.34684375 0.023320312500000016 0.01795312499999997
0 0.188435546875 0.305234375 0.03908984374999998 0.03331249999999999
0 0.2004296875 0.33233007812500004 0.018656249999999996 0.018214843749999998
0 0.23241210937499995 0.33244140624999996 0.031980468750000005 0.04464062500000003
0 0.275939453125 0.353095703125 0.029316406249999982 0.03798046875000001
0 0.013472656250000001 0.4315703125 0.026945312500000002 0.04605468750000004
0 0.055248046875 0.4653125 0.047652343750000006 0.05532812499999995
0 0.10993359375 0.491375 0.04509374999999999 0.05053124999999996
0 0.21606640625 0.547072265625 0.04930468750000001 0.05951953125000005
0 0.2672578125 0.5772753906249999 0.04553125000000002 0.05152734375000003
0 0.3427734375 0.554796875 0.02924218749999996 0.030906249999999958
0 0.31658398437499996 0.584130859375 0.02683984374999997 0.030355468750000014
0 0.4919472656250001 0.42267773437499995 0.021097656249999996 0.02420703125000001
0 0.511826171875 0.45166210937500006 0.01998828124999994 0.01998828124999994
0 0.62766796875 0.3689765625 0.028648437499999967 0.03797656250000001
0 0.6708671875000001 0.389185546875 0.0275390625 0.030425781249999995
0 0.7093984375 0.40761914062500004 0.035757812499999986 0.029980468750000044
0 0.5800527343749999 0.47717968749999995 0.02665234375000001 0.03309375000000001
0 0.7068007812499999 0.44445898437500003 0.034218750000000055 0.027824218750000008
0 0.68761328125 0.477880859375 0.03230468750000002 0.027503906249999942
0 0.675140625 0.514818359375 0.03678125000000003 0.029105468749999995
0 0.83887890625 0.49019335937499997 0.030367187500000094 0.03805859374999994
0 0.7902734375 0.5509570312500001 0.025906250000000065 0.022703124999999956
0 0.81298046875 0.52009375 0.023984374999999857 0.024945312499999962
0 0.876783203125 0.500107421875 0.02814453125000007 0.03358203125000001
0 0.9054062500000001 0.52553125 0.033578125000000014 0.0255859375
0 0.9161191406250001 0.565828125 0.02878515625000002 0.030703124999999963
0 0.9386660156250001 0.598439453125 0.03166015625000007 0.030082031249999995
0 0.939306640625 0.6361874999999999 0.0335820312500001 0.031343750000000004
0 0.95481640625 0.6911953125 0.030703124999999963 0.028781250000000026
0 0.8671875 0.6923144531250001 0.028781250000000112 0.029746093750000036
0 0.904451171875 0.7014277343750001 0.027191406249999873 0.032621093749999996
0 0.8801406249999999 0.7442851562499999 0.03230468750000011 0.029421874999999976
0 0.036703125 0.65444921875 0.031179687500000004 0.028781250000000026
0 0.10093359375 0.6124726562499999 0.04450781250000001 0.045039062499999984
0 0.157298828125 0.6443203125 0.04423828125 0.04690624999999997
0 0.0918984375 0.9797421875000001 0.06076562500000001 0.04051562499999992
0 0.24108984375000003 0.9867792968749999 0.028460937500000005 0.02644140625000002
0 0.367576171875 0.979423828125 0.05308984375000003 0.041152343749999966
0 0.42674218750000004 0.928943359375 0.049249999999999974 0.04893359374999999
0 0.731296875 0.7565937500000001 0.025320312499999977 0.0275390625
0 0.7693867187500001 0.776470703125 0.03264843750000006 0.03220703125000002
0 0.80225390625 0.7972363281250001 0.029093750000000095 0.031980468750000046
0 0.695625 0.9785527343750001 0.025320312499999977 0.02878515625000002
0 0.7274707031250001 0.990609375 0.034113281249999974 0.01878124999999997
0 0.726541015625 0.8711484375000002 0.02958203125000001 0.03944531250000001
0 0.8246210937499999 0.87690625 0.02072656249999998 0.030531249999999944
0 0.7564921874999999 0.8963007812499999 0.024429687500000075 0.03424218750000012
0 0.7936015624999999 0.9045351562499999 0.02461718750000008 0.03405468749999994
