0 0.428298828125 0.166775390625 0.019214843750000023 0.026207031250000012
0 0.48934960937500005 0.200802734375 0.036480468750000036 0.038152343749999984
0 0.585109375 0.01166015625 0.02603125000000004 0.0218359375
0 0.8758437499999999 0.036851562500000004 0.040703125000000104 0.037382812499999994
0 0.9817734375 0.116623046875 0.036453125000000065 0.036980468749999995
0 0.9912070312499999 0.0752421875 0.017585937499999992 0.031195312500000006
0 0.333126953125 0.30096875 0.039410156249999995 0.04381249999999999
0 0.37767578125 0.3148046875 0.021171875000000017 0.02410937500000001
0 0.42222265624999994 0.34237109375 0.035640625 0.035218749999999986
0 0.2500703125 0.4088027343749999 0.04157812499999998 0.04594921874999995
0 0.300123046875 0.42898046875 0.036863281250000005 0.036687500000000026
0 0.839384765625 0.422791015625 0.023542968749999994 0.022941406250000008
0 0.8279257812499999 0.44820312500000004 0.025624999999999964 0.021835937499999947
0 0.816716796875 0.4755000000000001 0.025332031249999963 0.022562499999999996
0 0.806306640625 0.500904296875 0.023441406249999998 0.021542968750000037
0 0.7843242187499999 0.553458984375 0.022562499999999996 0.021839843749999942
0 0.6705234375 0.8244824218750001 0.023398437500000036 0.02339453124999995
0 0.4549687499999999 0.17816210937500002 0.021382812500000004 0.023058593750000012
0 0.762470703125 0.605619140625 0.022136718750000027 0.02238671874999998
0 0.7397031249999999 0.65869921875 0.023898437500000026 0.022390625000000063
0 0.7282578125000001 0.684736328125 0.024656250000000046 0.02314453125
0 0.771779296875 0.675302734375 0.02314453125 0.02591015625000006
0 0.693416015625 0.7707734375 0.02440234375000001 0.022640625000000015
