0 0.3840390625 0.160724609375 0.036226562500000004 0.03974609375
0 0.44001171875 0.17971875 0.04905468749999997 0.04905468749999999
0 0.488439453125 0.19984375000000001 0.03773828125000005 0.04251562499999999
0 0.73585546875 0.1549375 0.04024999999999999 0.03672656249999999
0 0.9820332031250001 0.116099609375 0.035933593749999916 0.03948828125
0 0.32821289062500003 0.30110351562500004 0.03924609375000001 0.04407421875000002
0 0.373041015625 0.31936718750000004 0.03592578125000001 0.04014843749999999
0 0.78911328125 0.307193359375 0.02067187499999994 0.02212890624999999
0 0.8813730468750001 0.352357421875 0.041925781249999974 0.04799609375
0 0.827705078125 0.4488046875 0.025785156249999906 0.021593749999999988
0 0.81743359375 0.473857421875 0.02536718750000002 0.02222265624999995
0 0.8059042968749999 0.5003769531250001 0.025785156249999996 0.022847656250000004
0 0.750623046875 0.632072265625 0.024527343749999986 0.02222265624999995
0 0.71865234375 0.711419921875 0.021804687500000065 0.022847656250000004
0 0.70177734375 0.745169921875 0.026203124999999973 0.023269531250000065
0 0.68940625 0.7710625 0.0228515625 0.021382812500000004
0 0.344041015625 0.45100585937500004 0.03949609374999996 0.048300781250000036
