0 0.9324902343750001 0.9047910156250001 0.039644531250000094 0.04903515625000008
0 0.82059765625 0.925396484375 0.08607031250000005 0.08294140624999997
0 0.616474609375 0.8096972656249999 0.037941406250000045 0.03480078124999997
0 0.6449843749999999 0.847119140625 0.035429687500000015 0.032496093749999844
0 0.8858125000000001 0.033433593750000004 0.0743359374999999 0.06686718750000001
0 0.572099609375 0.20054687500000004 0.03743359374999997 0.03441406250000001
0 0.625232421875 0.250056640625 0.03743359374999997 0.03562109375000002
0 0.18351953125000003 0.127310546875 0.07305468750000002 0.06339453125
0 0.1674296875 0.263638671875 0.0664140625 0.05826171874999999
0 0.1710546875 0.35752539062500005 0.0664140625 0.06430078125000001
0 0.302154296875 0.221529296875 0.05358203125000003 0.05584765625000001
0 0.37812890625 0.219390625 0.06666406249999998 0.07270312500000002
0 0.42869335937499997 0.26441992187499996 0.06213671875000002 0.05408984375000001
0 0.510953125 0.38318359375 0.058867187500000015 0.048554687499999985
0 0.2867578125 0.46234374999999994 0.07860937500000001 0.06484375
0 0.4155390625 0.48208593749999995 0.058687500000000045 0.055062499999999924
0 0.4546640625 0.5469296874999999 0.071 0.05651562500000003
0 0.5019375 0.6038046875 0.057601562500000016 0.05578906250000006
0 0.161677734375 0.564740234375 0.06955078125 0.06259765625
0 0.258400390625 0.54278515625 0.06651171874999999 0.06042187499999994
0 0.297958984375 0.6151640625 0.06216015625 0.05738281250000003
0 0.347732421875 0.677111328125 0.07476953125 0.06129296874999994
0 0.208294921875 0.7103789062500001 0.05941015624999999 0.0561484375
0 0.24959179687499997 0.781744140625 0.07027734374999998 0.06339453124999998
0 0.29958203125000005 0.8424218750000001 0.06085937500000003 0.054335937499999966
0 0.34486328125 0.910525390625 0.06013281250000002 0.04926953125000004
