0 0.43584765625 0.9704765625 0.05296093749999997 0.05388281250000002
0 0.6419335937499999 0.9301796875000001 0.049734374999999977 0.055265625000000006
0 0.34466015624999996 0.822646484375 0.053882812499999974 0.05664453125
0 0.086533203125 0.85419140625 0.05250390625000001 0.05249999999999986
0 0.223873046875 0.6654277343749999 0.056371093750000004 0.051949218750000005
0 0.48972851562499997 0.41659570312499994 0.049738281249999974 0.04697265624999995
0 0.61015625 0.491892578125 0.0501953125 0.04466796875000005
0 0.711703125 0.5285058593749999 0.054343749999999955 0.05802734374999998
0 0.856537109375 0.484212890625 0.05180859375000004 0.05660546874999994
0 0.8319140624999999 0.3393359375 0.024304687499999922 0.036140624999999996
0 0.799443359375 0.201544921875 0.05139453125000006 0.049738281249999995
0 0.8273515625 0.143251953125 0.055265625000000096 0.05580078124999999
0 0.8956015624999999 0.180828125 0.05471093749999998 0.05470312500000003
0 0.6985976562499999 0.040728515624999996 0.047507812500000045 0.056371093750000004
0 0.63476171875 0.011521484375 0.04475781249999997 0.02304296875
0 0.7560625 0.099861328125 0.055265625000000006 0.05858203125
