0 0.21189062500000003 0.32919140625 0.0355 0.03708593750000002
0 0.279533203125 0.35958203125 0.042214843749999974 0.03582031250000002
0 0.285609375 0.3984375 0.03965624999999999 0.033578125000000014
0 0.25778515625000004 0.27866796875 0.03965625000000004 0.03582031250000002
0 0.29104492187500003 0.21902148437500002 0.03390234375000003 0.04765234375000003
0 0.366201171875 0.200953125 0.03517578124999998 0.03453906249999998
0 0.42041015625 0.19839453125 0.033578125000000014 0.0454140625
0 0.450791015625 0.22974609375000005 0.03422265624999996 0.033242187500000006
0 0.46182421875 0.266990234375 0.0454140625 0.03358984375
0 0.4754179687500001 0.30457226562499995 0.039335937500000015 0.031980468750000005
0 0.289802734375 0.8753300781250001 0.03914453125000002 0.032621093749999906
0 0.356197265625 0.880509765625 0.04912109375 0.054496093750000085
0 0.421248046875 0.8701367187500001 0.06025390625 0.06292968749999997
0 0.49166992187499997 0.8632421875 0.06140234375000002 0.06293749999999995
0 0.563736328125 0.85280078125 0.06539453124999994 0.07232031249999996
0 0.6360390625 0.847283203125 0.06263281250000005 0.07506640625000002
0 0.7058085937499999 0.8399199218749999 0.060328124999999934 0.05663671875000009
0 0.734720703125 0.7065781250000001 0.03358203124999992 0.02846093749999996
0 0.77958984375 0.841466796875 0.06428125000000007 0.07293359375000001
0 0.9153515625 0.8397167968750001 0.03965624999999999 0.04765234375000009
0 0.8493105468749998 0.840037109375 0.06172265624999991 0.057886718750000024
0 0.927921875 0.63941796875 0.03582031249999993 0.036140624999999996
0 0.786083984375 0.7214492187499999 0.03741796874999999 0.04093749999999998
0 0.8310175781250001 0.7005000000000001 0.03390234374999999 0.034859375000000005
0 0.8951386718750001 0.69890234375 0.06172265624999991 0.052132812500000014
0 0.58358203125 0.29940234375 0.039710937499999946 0.032515625000000006
0 0.587580078125 0.26169140625000004 0.034378906249999994 0.027984374999999995
0 0.583716796875 0.211720703125 0.04264453125000003 0.03517578124999998
0 0.701513671875 0.177607421875 0.036246093749999986 0.03305078125000001
0 0.739626953125 0.17933984375 0.029316406249999982 0.030648437499999993
0 0.78040234375 0.36083203125 0.03304687500000005 0.032781250000000026
0 0.775337890625 0.28048046875 0.03251171875000001 0.03517968749999998
