0 0.032310546875 0.8435878906250001 0.04389453125 0.04389453124999996
0 0.05995703125 0.9416367187500001 0.0513046875 0.048453124999999986
0 0.295951171875 0.9723847656250001 0.05700390625000003 0.05523046874999995
0 0.18336914062499998 0.9222539062500001 0.05301171874999999 0.04731250000000013
0 0.200185546875 0.8740859375 0.05130078125 0.043320312500000034
0 0.20816601562499998 0.822783203125 0.04674609375000001 0.039902343750000034
0 0.11125976562500002 0.74212109375 0.05358203125000001 0.04503124999999999
0 0.084181640625 0.68711328125 0.023371093749999995 0.029640625000000042
0 0.27286523437500004 0.734427734375 0.023371093750000016 0.022800781249999957
0 0.22184765625000002 0.773189453125 0.04674218749999999 0.04332421874999994
0 0.352384765625 0.7563730468750001 0.03990234374999999 0.04731640625000004
0 0.50715234375 0.764353515625 0.032492187500000026 0.04389453125000005
0 0.527103515625 0.6911035156249999 0.02565234375000003 0.027363281249999982
0 0.679302734375 0.625263671875 0.03705078125000005 0.045035156249999986
0 0.601494140625 0.545173828125 0.02850390625000001 0.02850390625000001
0 0.387326171875 0.091142578125 0.026128906249999993 0.026917968749999986
0 0.534189453125 0.0998515625 0.02691796875000003 0.027710937499999987
0 0.5719960937499999 0.22712304687499998 0.024148437499999974 0.030480468750000034
0 0.497771484375 0.185556640625 0.04037890625000005 0.045527343749999984
0 0.392275390625 0.12023046874999999 0.02810546875000002 0.025710937499999996
0 0.37406640625 0.1439921875 0.02652343749999999 0.024937500000000012
0 0.380001953125 0.1695234375 0.028105468749999973 0.026125
0 0.35169921875 0.272052734375 0.026921874999999984 0.026917968749999986
0 0.311123046875 0.41931250000000003 0.026519531249999995 0.023749999999999983
0 0.280048828125 0.538267578125 0.029292968750000002 0.027316406250000026
0 0.33685546875 0.63584765625 0.022562499999999996 0.030085937499999993
0 0.425130859375 0.47631640624999994 0.044730468749999995 0.0443359375
0 0.44987304687500007 0.373984375 0.04591796874999998 0.04314843750000001
0 0.392078125 0.36765234375 0.018999999999999996 0.02256250000000004
0 0.52034375 0.432572265625 0.04118750000000002 0.048691406250000034
0 0.6030703125 0.3945703125 0.043546875000000006 0.051859375
