0 0.14490234375000002 0.19169140624999997 0.028976562500000004 0.02945312499999999
0 0.14328515625 0.15587499999999999 0.0313515625 0.030875000000000007
0 0.14732421874999999 0.120484375 0.03372656249999999 0.03230468750000002
0 0.12755273437499998 0.22871875 0.03023828125000001 0.027492187499999998
0 0.22418164062499998 0.262064453125 0.02419140624999998 0.029964843750000015
0 0.41455273437500006 0.251755859375 0.029417968750000023 0.03628515625000004
0 0.15264453125 0.32719140625 0.0632734375 0.06840625
0 0.33505859375 0.37963281249999997 0.03363281249999996 0.033062499999999995
0 0.9482773437500001 0.082689453125 0.03189062499999995 0.027214843750000006
0 0.92119921875 0.10647265624999999 0.030515624999999956 0.02692968750000001
0 0.988021484375 0.16722265625000002 0.023957031249999972 0.03189062500000002
0 0.9860976562499999 0.21684375 0.027804687499999935 0.032164062499999965
0 0.925322265625 0.147154296875 0.03326171875000004 0.031339843749999985
0 0.8845000000000001 0.20749609375000003 0.0296875 0.024468749999999994
0 0.9430546874999999 0.275396484375 0.0296875 0.03436328125000001
0 0.917900390625 0.29945117187500003 0.03271484375 0.029691406249999996
0 0.8571464843750001 0.2316875 0.03326171875000004 0.02776562499999997
0 0.7819609375000001 0.290240234375 0.02803906249999999 0.03436328125000001
0 0.747185546875 0.29381640625000005 0.03051171874999996 0.030515625
0 0.6846484374999999 0.2962890625 0.02859375000000002 0.0327109375
0 0.739076171875 0.411474609375 0.01814453125000002 0.026667968749999993
0 0.80340234375 0.433740234375 0.024742187500000058 0.02446484375000004
0 0.8247011718749999 0.45422656250000004 0.025027343750000063 0.019234375000000005
0 0.977142578125 0.488443359375 0.027488281249999958 0.022824218750000024
0 0.639607421875 0.9322207031249998 0.028519531249999997 0.028980468750000023
0 0.71560546875 0.96784765625 0.03799999999999999 0.028976562500000115
0 0.8854296875 0.8075234375000001 0.02802343750000009 0.026601562499999964
0 0.968798828125 0.80586328125 0.02565234375000003 0.04132812499999998
0 0.9440957031250001 0.8699921875000001 0.02565234374999985 0.01947656250000005
0 0.89421875 0.8697539062499999 0.028500000000000015 0.030398437500000063
0 0.989224609375 0.9353085937500001 0.019949218749999886 0.026601562499999964
