0 0.260666015625 0.23733984375 0.030097656250000028 0.030781249999999982
0 0.36737890625 0.27941015625 0.05746093749999996 0.054726562500000006
0 0.33967578125 0.332421875 0.0663515625 0.052671874999999965
0 0.7936074218749999 0.20100390624999998 0.023277343749999967 0.02945312499999999
0 0.7629648437500001 0.193876953125 0.021851562500000022 0.029449218749999995
0 0.9064082031249999 0.01076171875 0.028730468749999894 0.0215234375
0 0.09068164062499999 0.2879609375 0.05951171875 0.05540625000000001
0 0.2083359375 0.33584375 0.06498437499999998 0.05130468749999997
0 0.23877734374999998 0.28556640624999996 0.03693749999999998 0.031468750000000024
0 0.838259765625 0.2651328125 0.035628906250000016 0.05320312500000002
0 0.9551171875 0.174875 0.028023437499999915 0.03895312500000001
0 0.690287109375 0.152787109375 0.039902343750000034 0.05177734375
0 0.7313769531250001 0.05469140625 0.034675781249999996 0.034203124999999994
0 0.766291015625 0.077494140625 0.03230078125000002 0.03325390625
0 0.80120703125 0.0962578125 0.027078124999999974 0.035625
0 0.8304218750000001 0.112646484375 0.03610156250000003 0.02850390625000001
0 0.8394453125 0.15017578125000003 0.03610156250000003 0.034203125
0 0.8230585937499999 0.18152734375000001 0.031828125000000006 0.034203125
0 0.31367968749999997 0.38783203125 0.06498437500000001 0.05403906250000001
0 0.284265625 0.44973828125 0.06225000000000001 0.054726562500000055
0 0.171740234375 0.4487109374999999 0.043777343749999996 0.03214843749999998
0 0.2073125 0.47573046874999997 0.034203125 0.03693750000000007
0 0.728896484375 0.60125390625 0.034886718750000066 0.03625781249999997
0 0.8981992187500001 0.892658203125 0.03967187499999998 0.04719921874999997
0 0.7620742187499999 0.9374628906249999 0.04514843750000006 0.04925390624999988
0 0.556689453125 0.27420898437499996 0.03298828124999993 0.03463671874999998
0 0.551576171875 0.30883984375 0.030019531250000054 0.028023437500000005
0 0.517267578125 0.33243554687500004 0.03067578124999999 0.025730468750000002
0 0.493021484375 0.353876953125 0.03034765625000002 0.033652343749999994
0 0.48114648437500007 0.386205078125 0.032988281250000015 0.034964843750000044
0 0.503083984375 0.40764843749999996 0.027378906250000057 0.032328125
