0 0.12613476562499998 0.7066640625 0.04730078124999999 0.041773437500000024
0 0.0814453125 0.5964003906249999 0.03225 0.024574218750000033
0 0.098953125 0.531591796875 0.026109375 0.01904296875
0 0.10233203125000001 0.4738515625 0.03409375 0.029484375000000007
0 0.105546875 0.42132812499999994 0.02578125 0.018429687500000024
0 0.151326171875 0.38846484375 0.04055078125 0.03317187500000003
0 0.316955078125 0.304720703125 0.030511718750000007 0.027699218749999987
0 0.38849999999999996 0.5386796875 0.055242187499999984 0.05460156249999999
0 0.58817578125 0.8449960937499998 0.026539062500000023 0.02248437499999998
0 0.57657421875 0.590830078125 0.040695312499999935 0.034808593749999964
0 0.7404140625 0.5768164062500001 0.026234374999999942 0.030929687500000025
0 0.883982421875 0.41914843749999997 0.05969140624999998 0.06546093749999997
0 0.532595703125 0.416279296875 0.061917968749999996 0.06412109375
0 0.774044921875 0.29320703125 0.05380859374999991 0.06707812500000002
0 0.8173515625000001 0.27275390625 0.06007812500000007 0.05417968750000002
0 0.7425312500000001 0.1538515625 0.06486718750000006 0.0711328125
0 0.956671875 0.027984375 0.02800781249999993 0.025796874999999997
0 0.94966796875 0.062259765625 0.030960937500000084 0.030222656249999997
0 0.453662109375 0.5739804687500001 0.03924609374999992 0.034765625
0 0.468486328125 0.63658203125 0.04287109375 0.03625781249999997
0 0.505171875 0.856103515625 0.02985937500000002 0.020902343750000087
0 0.5140253906250001 0.9074003906250001 0.03220703125000002 0.02239453124999997
0 0.6053691406249999 0.970330078125 0.03250390624999992 0.022011718749999964
0 0.7080703125000001 0.29560546875 0.0685546875 0.0689453125
0 0.8462851562499999 0.069447265625 0.030593750000000065 0.026167968750000003
0 0.9032285156250002 0.104271484375 0.02358984374999995 0.03244921875000001
0 0.9338203125 0.092484375 0.025796874999999986 0.029484374999999997
0 0.5173359375000001 0.323392578125 0.0384765625 0.03140234374999999
0 0.5637753906249999 0.227861328125 0.034941406250000015 0.03494140624999997
0 0.6416171875 0.25918945312499997 0.05042187499999997 0.05749609375000002
