0 0.076439453125 0.21791015625000001 0.035636718750000004 0.025679687500000003
0 0.092685546875 0.18541601562499999 0.03458984375 0.025332031249999987
0 0.22952734374999997 0.016853515625000003 0.035320312499999985 0.02656640625
0 0.2229453125 0.058875 0.03350781249999999 0.028679687500000002
0 0.29328515624999996 0.059781249999999994 0.030492187500000024 0.038945312499999996
0 0.42128125 0.1290625 0.038945312499999926 0.03924218749999999
0 0.301978515625 0.51248046875 0.027167968750000028 0.032601562500000014
0 0.268771484375 0.521837890625 0.026566406249999997 0.030191406249999986
0 0.267263671875 0.5554980468749999 0.028980468749999978 0.03048828124999998
0 0.276318359375 0.587345703125 0.028980468750000023 0.030792968749999972
0 0.490771484375 0.5321171874999999 0.025910156249999972 0.023726562500000003
0 0.8534804687499999 0.8081484375000001 0.027601562499999944 0.029523437500000062
0 0.833564453125 0.7348613281249999 0.026902343750000134 0.028652343750000052
0 0.37322265625 0.48712109375 0.03441406250000001 0.027171874999999977
0 0.752298828125 0.95143359375 0.03333203124999997 0.030398437499999886
0 0.594994140625 0.548015625 0.026347656250000018 0.029117187499999985
0 0.6524023437500001 0.6363496093750001 0.027078124999999974 0.028824218749999984
0 0.699396484375 0.726482421875 0.026027343749999952 0.026746093750000012
0 0.818017578125 0.7042890625 0.028300781249999928 0.027601562499999944
0 0.80561328125 0.673978515625 0.0314453125 0.028824218749999984
0 0.8617812499999999 0.656333984375 0.027078125000000064 0.02777734374999996
0 0.23494335937499997 0.28589453125 0.035816406249999974 0.03928906249999997
0 0.16731640625000002 0.32615039062499995 0.036687500000000005 0.026214843750000005
0 0.172208984375 0.370630859375 0.03207421875000001 0.024738281250000015
0 0.20602148437499998 0.38886914062500005 0.025785156249999976 0.03878515625000003
0 0.286734375 0.3573203125 0.023687499999999993 0.035218750000000035
0 0.331912109375 0.36486523437499996 0.027253906250000036 0.03857421875
0 0.365072265625 0.4496875 0.039847656249999995 0.027773437499999963
0 0.726826171875 0.796791015625 0.02585546875000002 0.02777734375000005
0 0.807796875 0.8459687500000002 0.028476562499999948 0.02935156249999995
