0 0.19103515625 0.404310546875 0.03531249999999999 0.041308593750000046
0 0.23864648437499997 0.372814453125 0.042980468750000035 0.05180859375
0 0.34216796875 0.063841796875 0.04197656249999997 0.03753515624999999
0 0.479197265625 0.088708984375 0.04643359375000004 0.04796484375000001
0 0.50663671875 0.14915039062500002 0.06293749999999995 0.05373046875
0 0.8668046875 0.32142578125 0.0243046875000001 0.034859375000000005
0 0.34918750000000004 0.3036484375 0.04221875000000001 0.049250000000000016
0 0.50381640625 0.21233203124999997 0.04573437499999997 0.05982031249999999
0 0.45536523437500004 0.24367968749999996 0.044136718750000005 0.05596875000000003
0 0.401220703125 0.273583984375 0.043496093749999964 0.051488281249999976
0 0.4942421875 0.466533203125 0.055648437500000016 0.04797265624999998
0 0.627412109375 0.43487109375 0.06178515625000003 0.053726562499999984
0 0.5243671875 0.516615234375 0.05833593749999997 0.05066015625000002
0 0.6502460937500001 0.572646484375 0.04682031249999996 0.04451953125000001
0 0.8498261718750001 0.600919921875 0.06449609375000005 0.05730078125000002
0 0.9481660156250001 0.7008203125 0.04669140625000008 0.055648437500000016
0 0.58739453125 0.625666015625 0.057296874999999935 0.04557421875000003
0 0.770109375 0.651078125 0.04865624999999998 0.043085937500000074
0 0.6152089843749999 0.673953125 0.05596484374999999 0.047968749999999984
0 0.6416386718749999 0.72414453125 0.04708203124999999 0.04264062500000003
0 0.8049296874999999 0.7012304687500001 0.04478906249999994 0.044234375000000006
0 0.946396484375 0.79896875 0.03416015624999993 0.04478906250000003
0 0.8897656250000001 0.8251171875000001 0.04408593750000005 0.051796874999999964
0 0.6983769531249999 0.860345703125 0.04883984374999999 0.046011718749999986
0 0.73758984375 0.9125781249999999 0.029820312500000057 0.027507812500000027
