0 0.075841796875 0.21725000000000003 0.040285156249999995 0.0271015625
0 0.18919531250000002 0.29361328124999997 0.024539062499999997 0.027468749999999976
0 0.24453125 0.38049999999999995 0.025179687500000013 0.02746875000000002
0 0.40827734375 0.927814453125 0.0330546875 0.028824218749999984
0 0.301806640625 0.51232421875 0.02721484375000003 0.03128124999999997
0 0.26810742187500003 0.5579785156250001 0.03255859375000001 0.02594140625000003
0 0.33207421875 0.6090996093750001 0.029757812500000026 0.030519531249999954
0 0.427197265625 0.6000722656249999 0.026707031249999957 0.02721484375000003
0 0.49230664062499996 0.611771484375 0.022636718750000017 0.028230468749999994
0 0.5963730468749999 0.5482109375 0.026246093750000022 0.02564062500000004
0 0.616361328125 0.575267578125 0.023402343749999943 0.024582031250000025
0 0.6632714843749999 0.6683203125 0.031058593749999995 0.025460937500000023
0 0.78616796875 0.645830078125 0.02419531250000002 0.02933984375000005
0 0.8204609375 0.7051601562500001 0.02734375 0.029039062500000056
0 0.7440527343750001 0.829150390625 0.031371093750000065 0.02649609374999997
0 0.853630859375 0.80753125 0.02458984374999993 0.029882812500000088
0 0.7706523437499999 0.862849609375 0.02564843750000003 0.02564453124999986
0 0.42008789062499996 0.12833984375 0.04112109374999999 0.040695312500000004
