0 0.338875 0.9613359375000001 0.046585937499999994 0.05098437499999999
0 0.3784296875 0.9288144531250001 0.049226562499999994 0.045707031249999905
0 0.45578124999999997 0.796744140625 0.031640625 0.031207031250000038
0 0.468306640625 0.7477402343749999 0.03383984375000004 0.03076171875
0 0.48720507812499997 0.646216796875 0.04438671874999996 0.05273828125
0 0.499951171875 0.41745703125 0.02769140624999995 0.03384375000000004
0 0.504126953125 0.33812890625 0.028128906249999995 0.032523437499999995
0 0.48083203125 0.23506445312500004 0.04746874999999999 0.046144531249999995
0 0.45050781250000005 0.19221289062500002 0.03428125 0.03164453125000002
0 0.425015625 0.15463671875 0.029007812499999997 0.028570312499999993
0 0.39293164062499997 0.11266406250000001 0.02988671875000004 0.029007812500000008
0 0.32129296875 0.013701171875000001 0.03428125 0.027402343750000002
0 0.7357617187500001 0.2889375 0.027468749999999976 0.031132812499999975
