0 0.203357421875 0.0393671875 0.029058593749999993 0.020656249999999998
0 0.073560546875 0.169931640625 0.02238671875 0.017324218749999988
0 0.06370703125 0.225099609375 0.020773437500000002 0.01466015624999999
0 0.12166601562500001 0.17499414062500002 0.019988281250000007 0.022121093749999998
0 0.142845703125 0.169931640625 0.017042968749999998 0.023183593749999988
0 0.18349609375 0.17579492187499998 0.018390625000000015 0.023183593749999988
0 0.205484375 0.17526171875 0.015460937500000016 0.0258515625
0 0.11940039062499999 0.22883203124999998 0.02238671875 0.016257812500000003
0 0.152048828125 0.23669335937499997 0.02051953124999999 0.01545703125000002
0 0.1753828125 0.291328125 0.02342187499999999 0.025054687499999995
0 0.158177734375 0.330904296875 0.02905078125 0.01945703124999998
0 0.1516484375 0.352759765625 0.030914062500000016 0.01785546874999997
0 0.13765624999999998 0.374611328125 0.028515625 0.02051953124999999
0 0.143107421875 0.402734375 0.02667578125000001 0.021328124999999965
0 0.0695625 0.476818359375 0.026117187499999993 0.015988281249999937
0 0.13645898437499998 0.45403125 0.031980468750000005 0.016789062500000007
0 0.07619140625000001 0.5859589843749999 0.0295390625 0.017769531250000005
0 0.08995703125 0.611185546875 0.024984374999999993 0.01591015625000001
0 0.10596679687499999 0.633029296875 0.022582031250000002 0.018878906249999973
0 0.12678710937499998 0.6536640625000001 0.023136718750000007 0.01980468750000002
0 0.13942187499999997 0.9764609375 0.052859375 0.04707812499999999
0 0.29812890625 0.8188203125000001 0.028429687499999988 0.03092187500000012
0 0.39995703125 0.8247304687500001 0.028203125000000016 0.03242968749999999
0 0.385921875 0.756208984375 0.02762500000000001 0.019136718750000004
0 0.382576171875 0.733580078125 0.021464843750000018 0.015292968749999946
0 0.354923828125 0.667259765625 0.01881640625000003 0.024214843750000003
0 0.32670117187500003 0.660705078125 0.02097265625000002 0.02529296875
0 0.23362304687500002 0.629087890625 0.023597656249999988 0.022214843750000046
0 0.196068359375 0.5931425781249999 0.024058593750000013 0.020371093750000034
0 0.1803359375 0.56970703125 0.024062499999999987 0.020664062500000035
0 0.159591796875 0.5270625000000001 0.027605468749999983 0.018046875000000018
0 0.10129296875 0.514884765625 0.02359374999999999 0.016800781249999997
0 0.31715234375 0.168419921875 0.016257812500000003 0.022855468750000017
0 0.345111328125 0.16078515625 0.017222656249999968 0.028289062500000007
0 0.37126562500000004 0.1536015625 0.017867187499999958 0.027750000000000007
0 0.39832226562499995 0.15667578125 0.014910156249999983 0.022882812499999995
0 0.65003125 0.148380859375 0.02807031249999996 0.028996093750000007
0 0.678794921875 0.171359375 0.025449218749999947 0.029304687499999992
0 0.710103515625 0.17822265625 0.026988281250000058 0.022054687500000014
0 0.74341796875 0.17598632812499998 0.02606250000000001 0.02652734375000001
0 0.78220703125 0.18184765625 0.026218749999999957 0.03331250000000001
0 0.816291015625 0.19156640625 0.02467578125000003 0.02899218749999999
0 0.9398417968749999 0.16216406249999998 0.03287109375000004 0.025984374999999994
0 0.866990234375 0.24028125 0.027503906249999942 0.029312499999999984
0 0.892953125 0.26085156249999997 0.02416406249999987 0.02467187499999999
0 0.9054824218749999 0.290603515625 0.032003906249999936 0.026863281250000037
0 0.9172421875 0.32357031249999996 0.026218749999999957 0.028273437499999998
0 0.9252656250000001 0.35396875 0.03571875000000002 0.027945312499999986
0 0.9345253906250001 0.46488281249999996 0.03384765625000004 0.02531249999999998
0 0.899345703125 0.541638671875 0.03011328124999988 0.025308593749999986
0 0.8705625000000001 0.605998046875 0.030117187499999965 0.02665234375000001
0 0.856037109375 0.63637890625 0.027183593750000058 0.02985156249999994
0 0.8232558593749999 0.663296875 0.04530859375000009 0.04903906249999999
0 0.686001953125 0.68675 0.027183593750000058 0.031984374999999954
0 0.7163847656250001 0.676888671875 0.027183593749999967 0.029316406249999982
0 0.751298828125 0.67608984375 0.024519531249999994 0.03091406249999995
0 0.785279296875 0.677421875 0.02531640624999998 0.030382812499999988
0 0.65134375 0.777197265625 0.025539062500000043 0.029550781250000036
0 0.731740234375 0.7838652343750001 0.027761718749999977 0.033980468750000006
0 0.76527734375 0.7929707031250001 0.025539062499999952 0.033980468750000006
0 0.8412324218749999 0.7736464843749999 0.023761718749999973 0.03354296875000005
0 0.84423046875 0.843166015625 0.0266484375000001 0.028207031250000014
0 0.90808203125 0.84338671875 0.0330937500000001 0.029539062499999956
0 0.887314453125 0.8852499999999999 0.035527343749999926 0.024874999999999935
0 0.9853457031249999 0.953154296875 0.029308593750000077 0.02718359374999988
0 0.9269824218749999 0.9331660156249999 0.03571484374999993 0.027714843750000107
0 0.9071269531249999 0.964345703125 0.030113281250000058 0.027183593750000058
