0 0.3484140625 0.7439179687499999 0.027710937499999977 0.032859375000000045
0 0.487361328125 0.67780859375 0.035628906250000016 0.027312500000000028
0 0.49765429687499996 0.736984375 0.031667968749999977 0.03165624999999998
0 0.40205273437500005 0.6669218750000001 0.02889453125000001 0.021375000000000012
0 0.162857421875 0.25374609374999996 0.03226171874999999 0.022523437499999986
0 0.250576171875 0.2806640625 0.03130859374999999 0.025578125000000007
0 0.061927734375 0.24920507812499998 0.03595703125 0.026722656249999987
0 0.01405859375 0.280873046875 0.0281171875 0.02540234374999999
0 0.015212890625 0.3165 0.03042578125 0.025398437499999992
0 0.013892578124999999 0.49282421875000004 0.027785156249999998 0.029031249999999974
0 0.01257421875 0.5441191406250001 0.0251484375 0.028699218750000012
0 0.013232421875 0.61653125 0.02646484375 0.02639062499999998
0 0.011583984375 0.652322265625 0.02316796875 0.026058593750000015
0 0.014388671875 0.794501953125 0.02877734375 0.026722656250000032
0 0.015046875000000001 0.7235742187499999 0.030093750000000002 0.0287109375
0 0.16877734375 0.91342578125 0.021773437500000003 0.02639062499999998
0 0.385345703125 0.9399804687500002 0.028699218750000012 0.019460937500000063
0 0.6395859375 0.16729687499999998 0.02449218750000002 0.01790624999999999
0 0.656986328125 0.274228515625 0.05106640625000001 0.042753906250000015
0 0.7482324218749999 0.31916015625 0.035628906250000016 0.028898437500000006
0 0.8669921875 0.27165625000000004 0.011874999999999858 0.012273437499999984
0 0.8339316406249999 0.477701171875 0.03286328124999986 0.04116796874999995
0 0.8788671874999998 0.47275390625 0.030085937499999993 0.036812499999999915
0 0.756544921875 0.769451171875 0.03800390625000007 0.02850390625000001
0 0.749419921875 0.7261054687499999 0.031667968749999977 0.03127343749999998
0 0.65777734375 0.573103515625 0.04789843750000004 0.04275390624999993
0 0.589888671875 0.551529296875 0.025332031249999963 0.03048046874999999
0 0.661736328125 0.3201484375 0.037605468749999996 0.02849999999999997
0 0.53526953125 0.387826171875 0.03007031250000001 0.03559765625000004
0 0.34702734375 0.275220703125 0.027312500000000028 0.01860546875
0 0.42916796875 0.24929101562499997 0.018210937500000045 0.02216796875
0 0.486767578125 0.268291015625 0.023355468749999986 0.021378906250000006
0 0.39571875 0.30391992187500005 0.03364843749999995 0.019792968749999983
0 0.397896484375 0.32707617187500004 0.030878906250000025 0.019394531249999993
0 0.397103515625 0.35102734375000005 0.028503906249999968 0.018210937500000003
0 0.482609375 0.357955078125 0.02533593750000005 0.020980468750000016
0 0.48181835937499995 0.31698242187500003 0.030878906249999984 0.022957031249999992
0 0.405021484375 0.4509804687500001 0.026917968749999986 0.021773437500000003
0 0.48993359375 0.5192656250000001 0.03127343749999998 0.02296093749999999
0 0.48498632812500003 0.55014453125 0.03325390625000004 0.02533593749999996
0 0.49013085937500006 0.579833984375 0.029292968750000002 0.023753906249999977
0 0.40304296875 0.6041796875 0.026125 0.020187500000000025
0 0.2502890625 0.3770703125 0.031117187500000032 0.02482031250000003
0 0.251533203125 0.439783203125 0.03130859374999999 0.023097656250000043
0 0.15789257812500002 0.44694140625 0.034550781249999996 0.023671875000000054
0 0.158275390625 0.56215234375 0.03341015624999999 0.028828124999999982
0 0.1607578125 0.595458984375 0.0337890625 0.02900390625
0 0.24866796875000002 0.66151953125 0.033218749999999984 0.02901562500000008
0 0.163142578125 0.6277304687499999 0.033597656249999996 0.029781250000000002
0 0.15989843750000002 0.661330078125 0.0328359375 0.02825390625000006
0 0.152166015625 0.694068359375 0.029207031249999994 0.028441406249999978
0 0.161423828125 0.761552734375 0.03130859374999999 0.030160156250000014
0 0.16915625 0.79534375 0.0318828125 0.027492187499999952
