0 0.17428710937499997 0.309072265625 0.05525390625 0.050308593749999984
0 0.179236328125 0.2661875 0.033261718750000016 0.02666406250000004
0 0.23064843750000003 0.331478515625 0.03215625000000002 0.04618359375000001
0 0.198751953125 0.235123046875 0.03656640625 0.04591015624999999
0 0.23902734374999998 0.22220312499999997 0.047835937500000016 0.05690624999999998
0 0.2993671875 0.203234375 0.01896874999999998 0.026664062499999995
0 0.353259765625 0.258765625 0.04644140625 0.058554687499999994
0 0.40396875000000004 0.28900390625 0.04728125000000003 0.05525781250000002
0 0.49083789062500005 0.32103125 0.025839843749999945 0.02253906250000002
0 0.35654882812500005 0.394017578125 0.030511718750000007 0.04095703124999996
0 0.009529296875 0.55244140625 0.01905859375 0.052648437500000075
0 0.05250781250000001 0.4649550781249999 0.047109374999999995 0.048691406249999944
0 0.107333984375 0.49206640625000003 0.05066796875 0.05780468750000001
0 0.16037890625 0.51740625 0.04908593749999999 0.06254687499999996
0 0.21342578125 0.543119140625 0.051460937500000005 0.06883984375
0 0.043798828125 0.582525390625 0.04790234375 0.06769140625000007
0 0.09803515624999999 0.6056640625 0.05185156249999999 0.06567187499999996
0 0.15721289062500002 0.644478515625 0.047503906249999985 0.04512890625000008
0 0.091123046875 0.9800000000000001 0.062019531250000016 0.040000000000000036
0 0.2611796875 0.937572265625 0.03397656250000001 0.034964843750000085
0 0.240396484375 0.9828066406249999 0.03727734374999998 0.03438671875000008
0 0.36837890624999997 0.97900390625 0.05113281249999999 0.0419921875
0 0.5563125 0.973041015625 0.033218749999999984 0.030238281249999943
0 0.838638671875 0.9650449218750001 0.03800390624999998 0.04702734374999995
0 0.9528828125000001 0.8752636718750001 0.028976562499999935 0.04512890625000008
0 0.9863085937499999 0.6802636718749999 0.027382812499999964 0.03419921874999998
0 0.689697265625 0.85147265625 0.03859765624999998 0.053109375000000014
0 0.7622734375 0.8918828124999999 0.02210156249999997 0.0296875
0 0.792787109375 0.9007910156250001 0.021113281249999984 0.02705078125
0 0.8223105468749999 0.880337890625 0.02737890624999988 0.02902734374999998
0 0.839796875 0.8491640624999999 0.03661718749999991 0.027382812499999964
0 0.828744140625 0.814361328125 0.03628515625000013 0.02705078125
0 0.7319218749999999 0.7559707031249999 0.02803906249999999 0.029691406249999996
0 0.765240234375 0.776423828125 0.030019531250000054 0.03101171874999995
0 0.801197265625 0.795228515625 0.0286992187500001 0.03694921874999997
0 0.7741484375000001 0.6833984375 0.03001562499999997 0.04090624999999992
0 0.8036738281249999 0.66970703125 0.029691406249999906 0.030679687499999986
0 0.8698144531249999 0.689005859375 0.02936328125000003 0.03430859374999997
0 0.904451171875 0.701376953125 0.0286992187500001 0.03463671874999994
0 0.9390898437499999 0.63540625 0.03397656250000001 0.031984374999999954
0 0.9384296875 0.596474609375 0.03661718749999991 0.030019531250000054
0 0.7909726562499999 0.5502890625 0.03265625000000005 0.024742187500000058
0 0.8112597656249999 0.517630859375 0.034964843749999995 0.03463671875000003
0 0.876248046875 0.4975078125 0.02837109375000004 0.03859374999999998
0 0.7982304687499999 0.390625 0.02606250000000001 0.025398437499999992
0 0.316943359375 0.5846640625 0.029292968750000002 0.03364843749999995
0 0.34486328125 0.5545605468750001 0.028867187499999992 0.03106640624999999
0 0.408779296875 0.4986171875 0.029691406249999996 0.03353906250000005
0 0.49138671874999995 0.41972070312500004 0.023367187499999977 0.025839843749999945
0 0.540322265625 0.468380859375 0.025566406250000017 0.03738671875000001
0 0.5796328125 0.47483984375000005 0.028312500000000008 0.03821093749999997
0 0.6269101562499999 0.37394921875000003 0.04757031249999999 0.05965625000000001
0 0.6693886718750001 0.38618359375 0.029691406249999996 0.034085937499999996
0 0.707599609375 0.40597656249999997 0.035738281250000004 0.03353906250000001
0 0.7526835937499999 0.45229687500000004 0.027492187499999952 0.03985937500000007
0 0.687263671875 0.4784140625 0.03132421875000002 0.02776562499999997
0 0.6743359375000001 0.51442578125 0.03464062500000002 0.02776562499999997
0 0.66677734375 0.548787109375 0.033265625000000035 0.03326171875000004
