0 0.66938671875 0.40771875 0.0428671875 0.038101562499999984
0 0.754525390625 0.60389453125 0.06430078125000005 0.07680468749999995
0 0.28685937499999997 0.7756601562500001 0.039890625 0.04524999999999997
0 0.0206328125 0.763751953125 0.041265625 0.04167578125000002
0 0.1350390625 0.8292460937499999 0.037507812499999994 0.04286718749999992
0 0.27880273437499997 0.22009179687499997 0.06683984375 0.07683203125
0 0.35701953125 0.19080468750000001 0.0813046875 0.0788984375
0 0.43763476562500003 0.15807226562499999 0.06683984375000004 0.07614453125000001
0 0.52244921875 0.1265234375 0.06251562499999999 0.08037499999999999
0 0.11122265625000001 0.05942578125 0.056562499999999995 0.063109375
0 0.6824843749999999 0.06567578125 0.07144531249999994 0.074421875
0 0.727140625 0.1409921875 0.05834375000000005 0.05477343750000001
0 0.87270703125 0.04781640625 0.033937500000000044 0.031554687500000005
0 0.9617148437499999 0.08949218750000001 0.04286718750000009 0.041078125
0 0.93879296875 0.15289843749999998 0.07085156250000005 0.063109375
0 0.989490234375 0.19011328125 0.02101953124999998 0.05657031250000002
0 0.7905449218749999 0.210048828125 0.057753906249999966 0.05955078125000002
0 0.7601796875 0.27643945312499996 0.07203906250000003 0.058941406249999995
0 0.862287109375 0.332708984375 0.06668359375000002 0.06190234375000001
0 0.735173828125 0.3303203125 0.03869921874999997 0.034531250000000034
0 0.477376953125 0.33597656249999996 0.047035156249999946 0.04584375
0 0.48065234375 0.47798046875000005 0.034531250000000034 0.03692968750000007
0 0.6265195312499999 0.422306640625 0.03929687500000005 0.04226953125000001
0 0.3571171875 0.8631875000000001 0.06967187500000001 0.07262499999999986
