0 0.42247851562500005 0.710119140625 0.03844921875000003 0.039277343749999985
0 0.026525390625 0.6236914062500001 0.038933593749999995 0.04375781249999999
0 0.064599609375 0.607671875 0.03996484375 0.046171875000000015
0 0.13488671875 0.5334218749999999 0.042726562499999995 0.041000000000000016
0 0.15883203125 0.478466796875 0.0685625 0.062019531249999996
0 0.19793750000000002 0.415759765625 0.04754687500000001 0.03790234374999994
0 0.220677734375 0.35925390625000003 0.04341015625 0.037898437500000035
0 0.083376953125 0.2667421875 0.06925390624999998 0.08785937500000003
0 0.14815234375 0.23986914062500003 0.0671875 0.08096484375000002
0 0.27580664062500004 0.24848828125 0.03927734375000003 0.03825781250000002
0 0.3636640625 0.29310156249999997 0.046859375000000016 0.03996875000000002
0 0.392607421875 0.237974609375 0.06546484374999997 0.06339453124999998
0 0.41345117187499997 0.17991796875000002 0.04237890625 0.03755468750000002
0 0.44687109375 0.1301328125 0.047203125000000054 0.0372109375
0 0.5011386718749999 0.099123046875 0.046167968750000024 0.038589843749999984
0 0.55419921875 0.134267578125 0.03721093750000008 0.038589843750000005
0 0.5755585937500001 0.2150625 0.046859375000000016 0.039625
0 0.50733984375 0.34702343750000003 0.042726562500000044 0.036867187499999995
0 0.40535546875 0.387333984375 0.061328125 0.06856640624999999
0 0.48270703125000003 0.40232421875 0.03892968749999994 0.03721093749999995
0 0.47753710937499994 0.47553906250000005 0.06718359375 0.06374218750000002
0 0.637060546875 0.41834375 0.07545703125000003 0.0671875
0 0.77084765625 0.136056640625 0.036867187499999954 0.032730468749999984
0 0.772916015625 0.29489257812499997 0.05616015625000008 0.06167578124999999
0 0.8380312499999999 0.3245234375 0.04582812500000007 0.06029687500000001
0 0.8981582031249999 0.33641015625000004 0.03651953125000009 0.04410156249999999
0 0.980087890625 0.2771484375 0.03982421874999993 0.06753125000000004
0 0.901435546875 0.19755859375 0.04857421874999997 0.062015625
