0 0.21344921875000003 0.4794628906250001 0.050609375000000026 0.03869921874999997
0 0.353958984375 0.43659570312499996 0.03869921874999997 0.04226953125000001
0 0.376283203125 0.516375 0.045246093750000015 0.03989062500000005
0 0.32984375 0.5809726562499999 0.073828125 0.06787499999999999
0 0.13932421875 0.65152734375 0.0714453125 0.0625078125
0 0.163736328125 0.58930859375 0.05001171875000001 0.038101562500000075
0 0.2063046875 0.683376953125 0.06489843750000002 0.07025390624999997
0 0.27626953125 0.7747675781250001 0.07621093749999996 0.0791835937500001
0 0.389677734375 0.75125 0.03869921874999997 0.048820312500000004
0 0.43879882812500004 0.7137421875000001 0.08097265625000002 0.07501562499999999
0 0.463802734375 0.639029296875 0.09287890624999999 0.07321484375000002
0 0.6349746093749999 0.625328125 0.06370703124999996 0.06251562499999999
0 0.7998925781249999 0.580982421875 0.08037890625000008 0.08571484375000002
0 0.9487363281250001 0.446119140625 0.07204296874999994 0.07919140625000001
0 0.9225390625 0.596162109375 0.06370312499999997 0.061308593750000015
0 0.629912109375 0.46576953125 0.05239453125000004 0.06251562500000007
0 0.6245546875000001 0.294896484375 0.038101562500000075 0.04226953124999997
0 0.06253125000000001 0.830798828125 0.0671875 0.062363281250000034
