0 0.20960546875000002 0.13372265625000002 0.0487578125 0.05833593749999999
0 0.368861328125 0.2114375 0.037996093749999994 0.04874218749999999
0 0.55825390625 0.187068359375 0.03760937499999999 0.04451953124999999
0 0.74745703125 0.04180859375 0.027632812500000003 0.03415625
0 0.69622265625 0.07692382812500001 0.04413281250000001 0.046050781250000006
0 0.6528574218750001 0.11415039062500001 0.03569140624999996 0.04451953124999999
0 0.724919921875 0.27166796875 0.049277343749999945 0.05296093750000001
0 0.664591796875 0.33544921875 0.04743359374999993 0.04605468750000004
0 0.636958984375 0.39324804687500003 0.054800781249999986 0.047433593750000023
0 0.6226835937499999 0.5330175781250001 0.0501953125 0.05158203124999998
0 0.6328144531250001 0.60946484375 0.06862109374999995 0.06263281250000005
0 0.6431777343749999 0.6859140625 0.06723828124999995 0.06263281249999997
0 0.796302734375 0.62834765625 0.049277343750000036 0.05157812499999999
0 0.81126953125 0.7506171875 0.05157812499999999 0.05388281250000002
0 0.664591796875 0.779861328125 0.03914453125000002 0.031316406250000026
0 0.687158203125 0.9557851562499999 0.03362109375000007 0.031312499999999945
0 0.8266992187500002 0.8758828125000001 0.05388281250000002 0.05572656250000012
0 0.89978125 0.518921875 0.059687500000000074 0.06831250000000004
0 0.163734375 0.3055390625 0.0502734375 0.060632812499999966
0 0.225138671875 0.331251953125 0.048738281249999994 0.05066015625000002
0 0.34084375 0.4298828125 0.046046875 0.04605468750000004
0 0.40553906250000005 0.7103515625 0.055648437500000016 0.051171875
0 0.25714453125 0.8066152343749999 0.0518125 0.05180859375000004
0 0.42760546875000005 0.8192480468749999 0.03389843749999999 0.030378906249999994
0 0.42728515624999996 0.892326171875 0.054367187500000025 0.05373046875000007
0 0.436880859375 0.9623652343749999 0.06268359375000002 0.05692578125000001
