0 0.254935546875 0.0595390625 0.027300781249999996 0.0375390625
0 0.42173046875000003 0.130033203125 0.038820312499999954 0.03860546875
0 0.190671875 0.295771484375 0.02364062499999999 0.02488671874999997
0 0.23635156249999997 0.28902148437499997 0.026125 0.03554296875
0 0.24815429687499999 0.385267578125 0.025417968749999974 0.035371093749999985
0 0.307076171875 0.441431640625 0.026308593749999963 0.02755078124999999
0 0.23731249999999998 0.46942773437500007 0.028617187499999995 0.03768359375000001
0 0.51285546875 0.560806640625 0.026414062500000047 0.027941406249999988
0 0.45833984375 0.621001953125 0.027335937500000008 0.026105468750000062
0 0.50763671875 0.660931640625 0.027640624999999995 0.029792968749999992
0 0.31383007812499997 0.7195937499999999 0.03194140624999999 0.028562500000000046
0 0.27359375 0.7604453125 0.028257812500000014 0.027335937500000008
0 0.69892578125 0.728625 0.027335937500000008 0.026718750000000034
0 0.745150390625 0.830595703125 0.02580078124999998 0.02610546874999997
0 0.7706406250000001 0.86453515625 0.026414062500000047 0.025796874999999986
0 0.8105703125 0.8731347656249999 0.027640624999999995 0.03009765625000007
0 0.842052734375 0.8427285156250001 0.026722656250000122 0.02518359374999992
0 0.8524941406250001 0.773908203125 0.02610546875000015 0.028910156249999996
0 0.8338476562499999 0.736078125 0.027710937500000022 0.02790624999999993
0 0.8203378906250001 0.70586328125 0.026644531250000013 0.02790625000000002
0 0.805240234375 0.676001953125 0.0255976562499999 0.023996093750000023
0 0.7877226562499999 0.64667578125 0.028242187499999894 0.027195312499999957
0 0.769150390625 0.61628125 0.028457031250000053 0.02790625000000002
