0 0.1766484375 0.11634765625000001 0.024148437499999998 0.028171875000000002
0 0.20708593749999998 0.1116953125 0.020124999999999994 0.021382812500000004
0 0.39452929687499994 0.11285156250000002 0.031699218749999994 0.0316953125
0 0.427484375 0.15712500000000001 0.03169531250000004 0.027671875000000012
0 0.56382421875 0.102880859375 0.028968750000000033 0.03130078125
0 0.45310546875 0.19187890625 0.03004687500000003 0.02812500000000002
0 0.50469140625 0.42294140625 0.03049218749999998 0.032906250000000005
0 0.48491796874999993 0.47139453124999997 0.036226562500000004 0.03200000000000003
0 0.46205468750000006 0.565552734375 0.035640625 0.03228515625000004
0 0.46121679687500006 0.60444140625 0.03522265624999994 0.032492187500000026
0 0.48574414062500004 0.6484589843749999 0.05031640625000007 0.05473046874999996
0 0.46849023437500004 0.7487363281249999 0.034964843749999995 0.03194921875000008
0 0.560025390625 0.8653164062500001 0.05615234375 0.055546874999999926
0 0.40787890625 0.877693359375 0.05132031249999995 0.05011328124999999
0 0.3402578125 0.961767578125 0.0513203125 0.04980859375000009
