0 0.11044335937500001 0.186525390625 0.031660156249999995 0.023988281249999986
0 0.25851562499999997 0.273673828125 0.05213281249999997 0.042855468750000014
0 0.639546875 0.013386718750000002 0.04413281250000001 0.026773437500000004
0 0.705556640625 0.042123046875 0.04029296874999995 0.05066015625
0 0.8288613281250001 0.14248828125 0.05139453125000006 0.05250000000000001
0 0.8995996093750002 0.18144921875 0.04033984374999999 0.04642187499999999
0 0.6967421874999999 0.42800585937499996 0.040749999999999974 0.04423828125
0 0.367068359375 0.3447265625 0.02687109375000003 0.024875000000000026
0 0.48777539062499997 0.415572265625 0.05019140625 0.04175390624999999
0 0.613177734375 0.49532617187500005 0.025582031250000005 0.02372265625000001
0 0.720447265625 0.529173828125 0.039175781249999986 0.04291015624999996
0 0.781345703125 0.5695488281250001 0.05330078124999993 0.054902343749999985
0 0.875556640625 0.659498046875 0.05090234374999998 0.05250390625000003
0 0.78791796875 0.9012226562500001 0.03923437500000002 0.0494140625
0 0.131421875 0.690294921875 0.05085156249999998 0.05244921874999999
0 0.29324609375 0.79343359375 0.03933593749999997 0.04509374999999993
0 0.34793554687499995 0.8273359375 0.03869921875000002 0.05021093749999998
0 0.088978515625 0.8562363281250001 0.05090234375 0.05276953125000006
0 0.309380859375 0.9814472656250001 0.038644531250000023 0.03710546874999991
