0 0.571955078125 0.587908203125 0.024941406250000055 0.023355468749999986
0 0.531974609375 0.699740234375 0.020980468750000016 0.02216796875
0 0.6333144531249999 0.46697460937499996 0.041566406250000035 0.04037890625000005
0 0.398048828125 0.047875 0.03595703124999998 0.041234375000000004
0 0.28671289062499994 0.18164453125 0.03892578124999999 0.03958593749999999
0 0.27665039062499996 0.23013671875 0.049152343750000015 0.043546875000000006
0 0.30353320312500004 0.27698046875 0.049488281249999974 0.05014062500000001
0 0.19929296875000002 0.403490234375 0.023750000000000004 0.028699218750000012
0 0.30353515625 0.33124609375 0.02903125000000002 0.024742187499999967
0 0.278966796875 0.373140625 0.048480468750000005 0.051132812500000034
0 0.217435546875 0.511361328125 0.049480468750000006 0.043214843750000044
0 0.11252734375 0.599111328125 0.0290390625 0.022761718749999993
0 0.182140625 0.550123046875 0.026390625 0.02837109375000004
0 0.334611328125 0.952814453125 0.041511718749999996 0.04343359375000002
0 0.583123046875 0.9154277343749999 0.042058593750000026 0.04453515625000008
0 0.71040234375 0.94580078125 0.03821093749999997 0.04261718750000014
0 0.9661855468750001 0.031558593749999996 0.034675781249999996 0.041328125
0 0.9236699218750001 0.061722656249999994 0.04085546874999988 0.0465546875
0 0.9910488281250001 0.135830078125 0.017902343749999973 0.025652343750000008
0 0.963810546875 0.162431640625 0.023277343750000058 0.025652343750000008
0 0.750044921875 0.18428125 0.025175781249999928 0.027554687499999987
0 0.64955078125 0.40335937499999996 0.025398437499999992 0.024742187500000012
0 0.8270371093750001 0.39874023437500006 0.04055859374999997 0.03859765625000002
0 0.7940390624999999 0.595349609375 0.023421874999999925 0.024082031250000035
0 0.493376953125 0.793955078125 0.038792968749999976 0.04116796874999995
0 0.64578515625 0.767431640625 0.02058593750000002 0.02058203125000002
0 0.63113671875 0.80068359375 0.026125000000000044 0.026125000000000044
