0 0.031349609375 0.69995703125 0.03430859375 0.03694531250000006
0 0.12751171875 0.639587890625 0.035296875000000005 0.035628906250000016
0 0.096171875 0.7002890625 0.061687500000000006 0.05278124999999996
0 0.25418554687499995 0.681978515625 0.03991796874999998 0.03991796875000002
0 0.21971875000000002 0.264134765625 0.06745312500000003 0.06412890624999998
0 0.37538867187499997 0.16209765625 0.06650390624999995 0.06080468750000001
0 0.383224609375 0.23596484375 0.057480468750000034 0.061281249999999995
0 0.6411171875 0.150095703125 0.06598437500000003 0.06162109375
0 0.64879296875 0.223404296875 0.07674218750000002 0.06758203124999998
0 0.654404296875 0.29659765625 0.07697265624999998 0.06597656249999999
0 0.66299609375 0.367384765625 0.06253906249999996 0.06185546874999996
0 0.26289453125 0.8213886718750001 0.03035156250000002 0.028699218749999922
0 0.04880078125 0.8416757812499999 0.05871875 0.057398437500000024
0 0.114455078125 0.8400273437500001 0.03891015625000001 0.04684374999999985
0 0.40935156250000004 0.5945703124999999 0.06317968749999996 0.06320312499999999
0 0.42289062499999996 0.6850605468750001 0.07790624999999998 0.08075390624999992
0 0.42977929687500005 0.773892578125 0.07458203125000003 0.06460546875000003
0 0.43619140625 0.856787109375 0.07315624999999999 0.06412890625000003
0 0.67591796875 0.5674609374999999 0.06792968749999995 0.06437499999999999
0 0.8464394531250001 0.57122265625 0.07410546874999983 0.08151562500000002
0 0.6802734375 0.6410546874999999 0.07809375000000003 0.06612499999999999
0 0.852994140625 0.657576171875 0.07695703125000009 0.08210546875000002
0 0.85612890625 0.744236328125 0.07866406250000005 0.06839453124999997
0 0.6865429687500001 0.710599609375 0.06555468749999997 0.05928515624999999
0 0.69081640625 0.7844179687499999 0.0695390625 0.06099218749999995
0 0.701365234375 0.8553984374999999 0.07125390625000003 0.06040624999999995
0 0.858978515625 0.8314453125 0.06498828124999996 0.06384374999999994
0 0.79844140625 0.14244140624999999 0.06384375000000002 0.0621328125
0 0.812693359375 0.22737499999999997 0.07524609374999995 0.086078125
0 0.8149726562499999 0.31658789062500003 0.07638281249999998 0.06612109375
