0 0.364498046875 0.3829609375 0.027035156250000015 0.02496875000000003
0 0.3643828125 0.45168945312500003 0.04100781249999996 0.027261718749999986
0 0.37331640625 0.48753906249999995 0.038257812499999974 0.02840625000000001
0 0.29348046875 0.493037109375 0.03207031250000001 0.03665234374999997
0 0.26885546875 0.524765625 0.032757812500000004 0.03184374999999999
0 0.270228515625 0.5591328125 0.033675781250000016 0.026812500000000038
0 0.27423828125 0.590513671875 0.03528125000000002 0.027722656250000012
0 0.5126015625 0.591201171875 0.02725781250000008 0.025886718749999992
0 0.619126953125 0.576080078125 0.027261718749999986 0.027261718750000073
0 0.6788046874999999 0.698986328125 0.031156249999999996 0.02886328124999995
0 0.7267871093749999 0.7987851562499999 0.02694140625000001 0.026390625000000067
0 0.769123046875 0.8655878906249999 0.027488281250000045 0.031339843750000006
0 0.8084355468750001 0.8492304687499999 0.02914453125000005 0.02666406249999991
0 0.8522812500000001 0.77459375 0.027218749999999937 0.03133593750000001
0 0.8206660156249999 0.70531640625 0.03436328124999992 0.030789062499999974
0 0.787404296875 0.645388671875 0.029964843750000015 0.029691406249999996
0 0.46322265625 0.9915253906250001 0.028976562500000025 0.01694921874999995
