0 0.25883007812500003 0.706232421875 0.041566406249999986 0.044730468749999995
0 0.44270703125 0.628248046875 0.01662499999999998 0.02810546875000002
0 0.46942773437500007 0.6183496093749999 0.020191406249999932 0.03048046874999999
0 0.49575390625000004 0.6076640624999999 0.02296093749999999 0.02889843749999992
0 0.41202734375 0.722859375 0.02652343749999999 0.024148437500000064
0 0.59986328125 0.565107421875 0.023749999999999983 0.03325390625000004
0 0.653701171875 0.54313671875 0.02850390625000001 0.03127343749999998
0 0.70496484375 0.604099609375 0.028898437500000006 0.02651953125000004
0 0.8611328125 0.46554882812500004 0.028500000000000015 0.024941406249999964
0 0.919125 0.46812109374999994 0.026523437499999858 0.02533593749999996
0 0.8935917968750001 0.54848046875 0.02612890624999995 0.02533593749999996
0 0.9034882812500001 0.576984375 0.027710937500000022 0.023749999999999983
0 0.914177734375 0.60390234375 0.029292968749999915 0.022960937500000077
0 0.92585546875 0.6316132812499999 0.030484374999999987 0.02296093749999999
0 0.77463671875 0.521166015625 0.03206249999999997 0.02850390625000001
0 0.7845312499999999 0.5480859375 0.03364843749999995 0.02296093749999999
0 0.796013671875 0.57441015625 0.03048046874999999 0.025734375000000042
0 0.8057109375 0.603505859375 0.030874999999999986 0.023753906250000068
0 0.75009375 0.67713671875 0.027312500000000028 0.028500000000000015
0 0.375806640625 0.8144980468749999 0.04275390624999997 0.04987890625000002
0 0.481302734375 0.7850078125 0.028105468749999928 0.026523437499999948
0 0.534546875 0.7628398437499999 0.026125000000000044 0.025734374999999955
