0 0.9498437500000001 0.06605664062500001 0.03693749999999998 0.027363281249999993
0 0.842482421875 0.072689453125 0.033449218750000044 0.030097656250000004
0 0.6642890625 0.12125195312499999 0.052054687499999995 0.050628906249999994
0 0.7412109375 0.156830078125 0.06498437500000005 0.07524609374999999
0 0.577380859375 0.22420703125000002 0.050621093750000054 0.05267187499999999
0 0.8845195312499999 0.322025390625 0.03557031249999998 0.03351953124999998
0 0.8874316406249999 0.569185546875 0.05499609374999999 0.06320703124999998
0 0.822173828125 0.452623046875 0.050894531249999986 0.06648828125000002
0 0.8845585937500001 0.42471484375 0.05910156249999989 0.05992187499999999
0 0.78564453125 0.48997460937500004 0.02544531249999995 0.02791015625000002
0 0.7482031250000001 0.76895703125 0.05882812500000005 0.051132812500000034
0 0.599859375 0.973337890625 0.021304687500000075 0.018785156250000056
0 0.600431640625 0.9490546875 0.03298828124999993 0.021992187500000072
0 0.590802734375 0.8983125000000001 0.024722656249999985 0.019929687499999994
0 0.510287109375 0.909998046875 0.035964843749999975 0.021761718750000013
0 0.5134960937499999 0.9345078125 0.03459374999999998 0.02267968749999998
0 0.591041015625 0.8718535156249999 0.03482421875000004 0.021074218750000106
0 0.586458984375 0.8460820312500001 0.03252734374999999 0.020390625000000107
0 0.47431640625 0.75501953125 0.05199218749999997 0.0430703125
0 0.46882421875 0.70026953125 0.05108593749999999 0.046273437500000014
0 0.46069140624999994 0.6383007812500001 0.051773437500000075 0.04558593750000002
0 0.5799296875 0.5906523437500001 0.03734375000000005 0.03413281249999996
0 0.55484765625 0.482177734375 0.060476562499999977 0.05498046875
0 0.526896484375 0.417806640625 0.06872265624999993 0.06459765625
0 0.274765625 0.8012558593750001 0.05383593749999997 0.04626171874999994
0 0.12127734375000002 0.7075546875000001 0.059789062500000004 0.05543749999999994
0 0.2531171875 0.678005859375 0.046734374999999995 0.03710546875
0 0.0066191406250000005 0.412263671875 0.013238281250000001 0.018785156250000056
0 0.10189648437500001 0.4253203125000001 0.03619921875 0.022906250000000038
0 0.314359375 0.30482226562500003 0.031671874999999974 0.033316406249999986
