0 0.29683984375 0.157435546875 0.037109375 0.04013671875
0 0.39278124999999997 0.157849609375 0.05250781250000003 0.06515234375000001
0 0.5298203125000001 0.16774609375 0.049484375000000025 0.03985937499999999
0 0.5217109375 0.26575 0.04096093749999996 0.039593750000000004
0 0.5518124999999999 0.31646875 0.036835937499999985 0.04371093749999999
0 0.523771484375 0.36457421874999996 0.03738671875000001 0.03821093750000002
0 0.521435546875 0.415708984375 0.041511718749999996 0.038761718749999965
0 0.5115390625 0.47687304687500004 0.06349999999999997 0.05498046875
0 0.525146484375 0.532279296875 0.045082031249999946 0.03933984375000001
0 0.5229472656249999 0.57776171875 0.041238281249999974 0.03958593749999997
0 0.6878984375 0.619685546875 0.052796874999999945 0.06515234374999998
0 0.603494140625 0.6627089843749999 0.036839843749999976 0.04178515625000001
0 0.5148378906250001 0.6423691406250001 0.06350390624999998 0.05442578125000006
0 0.3206171875 0.7219492187500001 0.039585937500000015 0.04260937499999997
0 0.37340039062499997 0.71975 0.03848828124999999 0.03821093749999997
0 0.426181640625 0.71823828125 0.03848828124999999 0.03958593749999997
0 0.474830078125 0.7224999999999999 0.03737109375000003 0.045906249999999996
0 0.35057617187499995 0.8331484375 0.03794921874999999 0.047835937500000016
0 0.495181640625 0.827375 0.03628515624999995 0.042335937500000045
0 0.5083769531250001 0.7755546875 0.03848828124999999 0.04260937499999997
0 0.421435546875 0.937736328125 0.06795703124999997 0.07125390624999994
0 0.7798554687499999 0.8105683593749999 0.07290625000000003 0.07422265624999999
0 0.940509765625 0.7346953125 0.07686328125 0.07620312499999997
0 0.776390625 0.731396484375 0.07785156249999999 0.07554296874999995
0 0.769958984375 0.578998046875 0.07092578125000007 0.06760546874999998
0 0.9312714843750001 0.5715585937500001 0.06564453124999989 0.06665625000000004
0 0.933416015625 0.658162109375 0.0699335937499999 0.06498828124999996
0 0.9349003906250001 0.47787890624999996 0.07290234374999986 0.075875
0 0.779525390625 0.421634765625 0.037277343750000025 0.041238281250000064
0 0.77094921875 0.4975078125 0.07752343750000001 0.07554687499999994
0 0.77424609375 0.3451015625 0.06432812499999993 0.06828906250000003
0 0.9335800781250001 0.38402734374999997 0.06960546875000002 0.07422656249999995
0 0.770125 0.266087890625 0.07917187500000003 0.06928515625000001
0 0.77869921875 0.190544921875 0.07060156250000009 0.06796484374999998
0 0.937703125 0.169931640625 0.06993749999999999 0.06697265625
