0 0.70780859375 0.22094140625 0.06946093750000007 0.08235937499999998
0 0.6209824218750001 0.260384765625 0.06548828124999995 0.06003515624999998
0 0.42773242187499994 0.131138671875 0.04117578125000003 0.04068359375000001
0 0.29749609375 0.367056640625 0.060531250000000016 0.08583203125000001
0 0.168994140625 0.36209375 0.08236328124999999 0.07292968749999998
0 0.166015625 0.263857421875 0.07640624999999998 0.06797265625
0 0.226794921875 0.22391796875 0.06499609375 0.0754140625
0 0.305185546875 0.221189453125 0.06598828125000003 0.08087109374999998
0 0.3763828125 0.22292578125 0.06747656250000005 0.07640625000000001
0 0.426990234375 0.267826171875 0.060527343749999976 0.05308984375000003
0 0.4706503906249999 0.3268671875 0.06151953125 0.05407812500000002
0 0.375638671875 0.429568359375 0.07293359375000001 0.062019531249999996
0 0.4126015625 0.48662695312499993 0.06846875000000004 0.05805078124999996
0 0.4567578125000001 0.5464121093750001 0.06846875 0.05854296874999996
0 0.499673828125 0.60594921875 0.06598828125000003 0.06251562499999999
0 0.29948046875 0.614134765625 0.07640625000000001 0.062019531249999996
0 0.34462890625 0.681115234375 0.060531250000000016 0.061027343750000004
0 0.39076953125 0.7473515625 0.06549218750000003 0.0615234375
0 0.16105468750000002 0.65159375 0.06846875 0.057554687499999965
0 0.21290234375 0.7111328125 0.05804687500000001 0.060531250000000016
0 0.252345703125 0.77885546875 0.05556640625 0.05705468750000007
0 0.30245703125 0.8443476562499999 0.052593749999999995 0.05010937500000008
0 0.340412109375 0.9167832031250001 0.06400390625 0.06003515625000002
0 0.61825390625 0.810609375 0.03621875000000001 0.03919531249999997
0 0.64455078125 0.8478203125 0.04117968750000003 0.04117968750000003
0 0.8204316406250001 0.9244746093749999 0.06648046875000002 0.09526171875000014
0 0.890388671875 0.944568359375 0.04564453125000014 0.044160156249999895
0 0.9313203124999999 0.9120703125 0.04018750000000004 0.0615234375
