0 0.06616015625 0.42031640625 0.0309921875 0.02210156249999997
0 0.09765625 0.39738867187500004 0.018804687499999993 0.03430859375000002
0 0.008421875 0.531640625 0.016492187499999998 0.02703124999999993
0 0.06895507812499999 0.5398984375 0.026058593750000004 0.019132812500000006
0 0.07885351562500001 0.5870703125000001 0.03001953125 0.016492187500000012
0 0.09237890625 0.614123046875 0.024742187500000012 0.018472656249999986
0 0.08396484374999999 0.041443359375 0.03760937499999999 0.031011718749999993
0 0.1491171875 0.066517578125 0.017484374999999996 0.025066406250000006
0 0.21987890625 0.099501953125 0.021773437500000003 0.03166796875
0 0.250390625 0.10115234375 0.02210156249999997 0.0296875
0 0.27678320312500004 0.096369140625 0.019464843750000016 0.03331640625000001
0 0.30267968749999996 0.095875 0.01781250000000001 0.02507031249999999
0 0.35859375 0.1588828125 0.020124999999999994 0.0310078125
0 0.335171875 0.16646875 0.018804687499999993 0.030351562499999995
0 0.29113085937500005 0.17669726562500002 0.019792968749999983 0.03166796875
0 0.269361328125 0.18527148437500002 0.019792968749999983 0.03166796875000002
0 0.20552734374999998 0.17916992187499997 0.020124999999999994 0.02605859374999999
0 0.22796093749999996 0.20951953125 0.0161640625 0.02474218749999999
0 0.184580078125 0.18016796875000002 0.01583203125000001 0.0214609375
0 0.161158203125 0.179828125 0.019792968749999983 0.02342187499999999
0 0.1110078125 0.19764257812500002 0.023109374999999998 0.01814453125000002
0 0.110521484375 0.21793164062499998 0.026722656249999997 0.018472656249999986
0 0.12405468750000001 0.23310546875 0.02076562500000001 0.017812499999999964
0 0.07357421875 0.236568359375 0.020125000000000004 0.030019531249999964
0 0.17897070312500002 0.6292949218749999 0.025730468750000002 0.028371093749999955
0 0.10821289062499999 0.637048828125 0.020121093749999985 0.01814453125000002
0 0.12487109374999998 0.65799609375 0.023750000000000004 0.021109374999999986
0 0.11909765624999999 0.7139101562500001 0.02935937500000001 0.02210156250000006
0 0.00776171875 0.768671875 0.014515625 0.03265624999999996
0 0.13790039062499998 0.8189804687500001 0.028699218749999988 0.03232812499999991
0 0.143345703125 0.8745644531250001 0.047503906249999985 0.041238281250000064
0 0.1420234375 0.9237167968750001 0.0541015625 0.05047265625000001
0 0.14185937499999998 0.9762910156250001 0.06300781250000001 0.04741796874999995
0 0.21740234374999998 0.8265664062500001 0.029359374999999986 0.03496874999999999
0 0.256494140625 0.8273906249999999 0.02837109375000004 0.03529687500000005
0 0.37046875 0.823763671875 0.026718749999999993 0.04189453125
0 0.38877734375 0.713087890625 0.03232812500000004 0.021113281249999984
0 0.381521484375 0.736177734375 0.02705078125 0.02111328125000007
0 0.179466796875 0.570248046875 0.024738281250000015 0.018472656249999986
0 0.1900234375 0.5902050781250001 0.02144531249999999 0.022105468749999968
0 0.13674609375000002 0.374625 0.023750000000000004 0.021773437500000003
0 0.132458984375 0.434169921875 0.02837109375000002 0.01946484375000006
0 0.13772851562500002 0.45280859375000004 0.027722656249999988 0.019132812500000006
0 0.14796289062499998 0.4948691406249999 0.02507421875 0.020121093749999996
0 0.15538671874999999 0.5144960937499999 0.02474218749999999 0.019132812500000006
0 0.18606445312500003 0.272197265625 0.02605859374999999 0.020121093749999996
0 0.16165429687500002 0.336853515625 0.02540234375000001 0.019464843750000016
0 0.15158984375 0.357140625 0.026390625 0.020453125000000006
0 0.19398046875000002 0.2439921875 0.022101562499999994 0.01847656249999998
0 0.890931640625 0.88901171875 0.036941406250000065 0.03364843749999995
0 0.9451933593749999 0.8124785156249998 0.03859765624999998 0.03167578124999988
0 0.9648203125 0.83738671875 0.03694531249999997 0.0260625000000001
0 0.8035253906250001 0.7986269531250001 0.025105468749999905 0.04024609374999999
0 0.8647011718750001 0.68794921875 0.03991796875000002 0.027382812500000055
0 0.7200624999999999 0.7344628906249999 0.03632031250000001 0.028042968749999987
0 0.6849140625000001 0.6914140625 0.030679687500000073 0.03496874999999999
0 0.69299609375 0.779822265625 0.04090625000000001 0.04750390625000005
0 0.6532617187499999 0.782625 0.029390625000000004 0.03661718749999991
0 0.890103515625 0.57958203125 0.03463671875000003 0.031007812500000044
0 0.9781894531249999 0.6295605468750001 0.0372929687500001 0.03595703124999998
0 0.988296875 0.402181640625 0.023406250000000028 0.031339843750000006
0 0.92999609375 0.43462109375 0.0354609374999999 0.0296875
0 0.9031933593750001 0.296619140625 0.032441406249999895 0.030238281249999988
0 0.8120625 0.19476367187500002 0.03381249999999998 0.03382421874999999
0 0.8418906249999999 0.216484375 0.0296875 0.032164062500000014
0 0.742380859375 0.18142773437499998 0.030777343750000075 0.039019531249999996
0 0.7097988281250001 0.186384765625 0.027761718749999977 0.02858984375
