0 0.4684453125 0.527494140625 0.03698437499999994 0.027308593749999943
0 0.467716796875 0.5710429687499999 0.04427734374999996 0.03353906249999996
0 0.6211875 0.8595976562499998 0.03825781250000002 0.02840624999999992
0 0.710294921875 0.86051171875 0.03598046875000005 0.027039062499999923
0 0.708927734375 0.8243183593750001 0.03642578125 0.02886328124999995
0 0.622333984375 0.7883515624999999 0.04008984375000004 0.027492187499999952
0 0.469087890625 0.744421875 0.03723828124999997 0.033804687499999986
0 0.514845703125 0.388822265625 0.03062109375000004 0.028636718749999977
0 0.465662109375 0.4112265625 0.03937109374999999 0.032085937499999995
0 0.21796289062500002 0.34385351562500005 0.034597656249999977 0.029433593750000007
0 0.28268750000000004 0.46410546875 0.026726562499999985 0.02405468750000006
0 0.23620312499999999 0.5799296875 0.020992187500000002 0.021812499999999967
0 0.49733984375 0.206630859375 0.02901562499999999 0.028253906249999995
0 0.2836171875 0.530919921875 0.023109374999999988 0.025410156249999982
0 0.227005859375 0.674771484375 0.03612890625 0.027621093750000013
0 0.230423828125 0.7115507812499999 0.02958984375 0.028476562500000035
0 0.23407421875 0.7467089843749999 0.03533593750000001 0.03006640625000001
0 0.23552343750000002 0.7832890625 0.03550781249999999 0.03046875
0 0.233796875 0.819484375 0.037124999999999984 0.02634375000000002
0 0.22681640625 0.8626679687500001 0.037796874999999994 0.03253125000000008
0 0.382662109375 0.35798242187499996 0.03569140625 0.029089843749999966
0 0.38758593750000003 0.42352343749999993 0.039453125 0.032929687499999985
0 0.383451171875 0.46043164062499997 0.038816406249999956 0.03166015624999998
0 0.382416015625 0.49646484375 0.03483984375000002 0.02927343750000002
0 0.38519921875 0.635587890625 0.037226562499999984 0.02751953124999993
0 0.384484375 0.679177734375 0.03579687499999995 0.029433593749999966
0 0.389017578125 0.723880859375 0.02991015625000002 0.031019531249999944
0 0.38814257812499997 0.769541015625 0.038660156250000056 0.03261328125
0 0.38464453125000003 0.85377734375 0.039929687499999963 0.03277343750000004
0 0.47175195312499996 0.887662109375 0.035300781249999955 0.031496093750000044
0 0.47269921875000004 0.853298828125 0.031179687499999977 0.027996093750000027
0 0.471732421875 0.81753515625 0.03512890624999994 0.029429687500000058
0 0.623365234375 0.7168789062500001 0.03848828124999999 0.027492187500000043
0 0.62004296875 0.7526152343750001 0.04009375000000004 0.027488281250000045
0 0.7030859375 0.7522792968750001 0.03757031250000002 0.028621093749999993
0 0.707783203125 0.71653515625 0.04008984375000004 0.026804687500000045
0 0.71465625 0.5922539062500001 0.03138281250000006 0.029781250000000002
0 0.6185546875 0.5556015624999999 0.02840624999999992 0.02932031249999998
0 0.618896484375 0.5897343749999999 0.03642578125 0.02840625000000001
0 0.71259375 0.5252460937500001 0.03917187500000008 0.02909374999999992
0 0.713396484375 0.561671875 0.03802734375000005 0.02725781249999999
0 0.6202890625 0.38000390624999997 0.03826562500000001 0.028039062500000034
0 0.7091933593749999 0.34470507812499995 0.037277343750000025 0.028699218749999967
0 0.710513671875 0.380828125 0.03793359375000005 0.02903125000000002
0 0.71150390625 0.41678515625 0.03265624999999996 0.0296875
0 0.7797890625 0.284005859375 0.03529687500000005 0.027378906250000012
0 0.85797265625 0.41661914062500005 0.03661718750000009 0.022761718749999993
0 0.856322265625 0.515916015625 0.03595703125000007 0.02540234374999999
0 0.849130859375 0.084552734375 0.024628906250000072 0.01808203125
0 0.711634765625 0.644900390625 0.028042968749999987 0.028699218750000012
0 0.707841796875 0.68052734375 0.03101171874999995 0.026718749999999947
0 0.8597519531250001 0.793677734375 0.030019531249999964 0.030019531249999877
0 0.80862109375 0.865427734375 0.023421875000000102 0.03430859374999997
0 0.9361210937500001 0.8923124999999998 0.025070312499999935 0.026718750000000034
0 0.94931640625 0.79648046875 0.028367187499999957 0.025070312499999935
0 0.949150390625 0.7629980468750001 0.031339843750000006 0.028699218750000012
0 0.94931640625 0.628900390625 0.03562499999999993 0.028371093749999955
0 0.858103515625 0.546923828125 0.03463671875000003 0.024082031250000035
0 0.9514609374999999 0.538841796875 0.03265624999999996 0.024410156250000002
0 0.954265625 0.569685546875 0.03232812500000008 0.02540234374999999
0 0.951130859375 0.4783085937499999 0.03001953125000014 0.02276562499999999
0 0.9555859375000001 0.4129921875 0.03364843749999995 0.027382812499999964
0 0.945193359375 0.350478515625 0.033316406249999986 0.025074218750000023
0 0.22731249999999997 0.373173828125 0.021968750000000002 0.021113281250000025
